0 0.165255 0.461473 0.114570 0.145548
0 0.110461 0.724315 0.156912 0.232877
0 0.405604 0.702055 0.151930 0.232877
0 0.632877 0.762842 0.168120 0.244863
0 0.619801 0.476884 0.114570 0.152397
0 0.866376 0.595034 0.149440 0.190068
0 0.240598 0.250000 0.070984 0.085616
0 0.387547 0.220890 0.061021 0.075342
0 0.594108 0.196918 0.060978 0.067903
0 0.446601 0.164738 0.051101 0.056684
0 0.531198 0.108940 0.040795 0.049008
0 0.445957 0.113368 0.042084 0.043694
0 0.498776 0.079712 0.033495 0.036608
0 0.376820 0.083550 0.036930 0.046646
0 0.354919 0.122815 0.039507 0.051960
0 0.325289 0.057570 0.030060 0.036018
0 0.344828 0.034837 0.026195 0.029523
0 0.352772 0.011809 0.023189 0.020076
0 0.392279 0.024209 0.024907 0.025980
0 0.389058 0.055798 0.027054 0.028932
0 0.428995 0.020076 0.021901 0.024799
0 0.476876 0.041037 0.026624 0.030113
0 0.473011 0.023028 0.028342 0.022437