0 0.067925 0.299850 0.135849 0.375151
0 0.184788 0.286227 0.175708 0.406588
0 0.325708 0.282035 0.155660 0.364672
0 0.453656 0.269460 0.166274 0.406588
0 0.595165 0.280987 0.154481 0.375151
0 0.714269 0.272604 0.166274 0.387726
0 0.840448 0.263173 0.175708 0.419163
0 0.947052 0.246406 0.105896 0.368863
0 0.056132 0.736827 0.112264 0.394013
0 0.165330 0.707486 0.155660 0.368863
0 0.300354 0.701198 0.154481 0.343714
0 0.438915 0.717965 0.160377 0.414971
0 0.563325 0.697007 0.159198 0.402396
0 0.703656 0.695959 0.147406 0.375151
0 0.833962 0.707486 0.181604 0.427546
0 0.938797 0.677096 0.122406 0.379343