0 0.102241 0.471698 0.161557 0.173349
0 0.347524 0.473467 0.123821 0.162736
0 0.454245 0.459316 0.146226 0.180425
0 0.033137 0.472583 0.066274 0.146816
0 0.573939 0.460200 0.135613 0.157429
0 0.690684 0.457547 0.107311 0.145047
0 0.785613 0.470814 0.122642 0.157429
0 0.902359 0.454009 0.094340 0.152123
0 0.972995 0.471698 0.054009 0.148585
0 0.051415 0.623821 0.102830 0.166274
0 0.155307 0.605248 0.128538 0.168042
0 0.292689 0.625590 0.146226 0.198113
0 0.411792 0.614976 0.150943 0.198113
0 0.510259 0.605248 0.130896 0.171580
0 0.616392 0.592866 0.130896 0.171580
0 0.760259 0.609670 0.145047 0.180425
0 0.868750 0.597288 0.145047 0.173349
0 0.955307 0.594634 0.089386 0.150354
0 0.017807 0.079894 0.035613 0.125590
0 0.072759 0.107311 0.128538 0.145047
0 0.165330 0.102005 0.117925 0.141509
0 0.265566 0.086085 0.129717 0.166274
0 0.353420 0.107311 0.114387 0.137972
0 0.454245 0.100236 0.101415 0.120283
0 0.542689 0.107311 0.099057 0.116745
0 0.637028 0.094045 0.108491 0.118514
0 0.726651 0.102889 0.089623 0.114976
0 0.813325 0.099351 0.095519 0.122052
0 0.905307 0.094045 0.107311 0.122052
0 0.095755 0.199292 0.125000 0.173349
0 0.210142 0.215212 0.103774 0.141509
0 0.302123 0.207252 0.108491 0.143278
0 0.412382 0.214328 0.128538 0.153892
0 0.509670 0.210790 0.136792 0.164505
0 0.607547 0.201946 0.125000 0.182193
0 0.697759 0.207252 0.123821 0.168042
0 0.798585 0.210790 0.143868 0.175118
0 0.891745 0.208137 0.136792 0.169811
0 0.956486 0.197524 0.087028 0.137972
0 0.974292 0.117040 0.049528 0.097288
0 0.039033 0.940153 0.078066 0.119693
0 0.299764 0.917158 0.148585 0.165684
0 0.428892 0.914800 0.170991 0.168042
0 0.550354 0.938384 0.133255 0.123231
0 0.691863 0.932193 0.142689 0.135613
0 0.825708 0.922465 0.134434 0.155070
0 0.937736 0.943691 0.115566 0.112618