0 0.845165 0.759611 0.147406 0.253409
0 0.673585 0.745434 0.165094 0.253409
0 0.506722 0.754295 0.161557 0.239232
0 0.359906 0.715309 0.172170 0.288851
0 0.197759 0.716195 0.194575 0.269358
0 0.060377 0.716195 0.120283 0.315432
0 0.859316 0.516835 0.126179 0.232144
0 0.708373 0.512405 0.130896 0.223283
0 0.575118 0.508860 0.140330 0.219739
0 0.434198 0.499114 0.146226 0.232144
0 0.289151 0.477849 0.181604 0.242776
0 0.137618 0.484051 0.182783 0.241004
0 0.041981 0.459242 0.083962 0.219739
0 0.067335 0.154442 0.134670 0.148856
0 0.184198 0.154442 0.141509 0.191386
0 0.304481 0.165961 0.141509 0.168349
0 0.434198 0.170391 0.127358 0.166576
0 0.551533 0.163303 0.114387 0.184297
0 0.672406 0.178366 0.120283 0.171893
0 0.790920 0.173935 0.114387 0.159488
0 0.915920 0.181910 0.119104 0.175437
0 0.129363 0.044573 0.116745 0.085060
0 0.246698 0.044573 0.134434 0.085060
0 0.366392 0.047096 0.130896 0.094191
0 0.485495 0.049003 0.116745 0.090377
0 0.604009 0.047231 0.115566 0.090377
0 0.713679 0.050775 0.120283 0.097465
0 0.829835 0.059636 0.109670 0.115186