0 0.114505 0.795794 0.229009 0.284984
0 0.408844 0.750590 0.159198 0.182783
0 0.237264 0.929835 0.191038 0.140330
0 0.318632 0.630700 0.160377 0.206368
0 0.087382 0.656250 0.174764 0.210299
0 0.075118 0.487225 0.145047 0.151336
0 0.185377 0.452830 0.103774 0.121855
0 0.276179 0.493121 0.122642 0.143475
0 0.464269 0.497052 0.104953 0.135613
0 0.553302 0.616942 0.134434 0.155267
0 0.616392 0.552083 0.112028 0.143475
0 0.828066 0.771226 0.141509 0.180818
0 0.768514 0.920991 0.182783 0.158018
0 0.530896 0.429245 0.096698 0.110063
0 0.644693 0.494104 0.093160 0.117925
0 0.888797 0.630700 0.121462 0.159198
0 0.264387 0.395833 0.099057 0.106132
0 0.314505 0.339819 0.088443 0.100236
0 0.374057 0.423349 0.101415 0.133648
0 0.434198 0.377162 0.080189 0.108097
0 0.375236 0.296580 0.075472 0.096305
0 0.231958 0.221895 0.064858 0.088443
0 0.290330 0.185535 0.061321 0.066824
0 0.374057 0.146226 0.063679 0.082547
0 0.469575 0.325079 0.084906 0.106132
0 0.427123 0.265134 0.058962 0.072720
0 0.698349 0.446934 0.099057 0.117925
0 0.907665 0.536360 0.112028 0.127752
0 0.915920 0.476415 0.088443 0.113994
0 0.911792 0.412539 0.082547 0.108097
0 0.947759 0.369300 0.079009 0.104167
0 0.097127 0.170544 0.046098 0.054495
0 0.062554 0.125429 0.042346 0.051815
0 0.159841 0.086121 0.038593 0.051815
0 0.345572 0.089247 0.044490 0.061642
0 0.729363 0.384863 0.075579 0.107204
0 0.750536 0.354935 0.081475 0.109884
0 0.787253 0.303120 0.070219 0.099164
0 0.692646 0.260238 0.066467 0.108097
0 0.650300 0.299546 0.080403 0.115244
0 0.607955 0.220483 0.064322 0.092910
0 0.575525 0.251304 0.056282 0.083083
0 0.559713 0.268725 0.060034 0.089337
0 0.524871 0.281232 0.077187 0.091123
0 0.750000 0.184391 0.053602 0.071469
0 0.727755 0.228166 0.051994 0.075043
0 0.801190 0.263901 0.063786 0.076830
0 0.852112 0.217892 0.058426 0.074150
0 0.775193 0.164290 0.050386 0.061642
0 0.719447 0.121409 0.051458 0.059856
0 0.698006 0.148656 0.051458 0.069683
0 0.651640 0.179924 0.072363 0.078616
0 0.502627 0.200472 0.069147 0.073256
0 0.547652 0.185731 0.050922 0.074150
0 0.942378 0.171884 0.058426 0.083977
0 0.816949 0.128109 0.046634 0.053602
0 0.977219 0.143743 0.045562 0.068789