0 0.122986 0.797945 0.120822 0.157534
0 0.322096 0.762842 0.104795 0.114726
0 0.235575 0.609075 0.083836 0.106164
0 0.181945 0.536729 0.059178 0.064212
0 0.086089 0.529024 0.069658 0.081336
0 0.085164 0.467380 0.049315 0.050514
0 0.154514 0.473801 0.053630 0.051370
0 0.141260 0.436130 0.045616 0.047945
0 0.194890 0.446832 0.041918 0.045377
0 0.233726 0.410445 0.044384 0.051370
0 0.185644 0.403596 0.038219 0.042808
0 0.293829 0.421575 0.037603 0.041096
0 0.323110 0.545719 0.061644 0.071918
0 0.381363 0.574829 0.070890 0.071918
0 0.424822 0.486644 0.050548 0.056507
0 0.325884 0.472517 0.045000 0.050514
0 0.359479 0.436130 0.045616 0.042808
0 0.326500 0.388185 0.030205 0.034247
0 0.385678 0.395034 0.037603 0.034247
0 0.421740 0.451113 0.041918 0.041952
0 0.272870 0.347089 0.025274 0.027397
0 0.308315 0.359075 0.025890 0.027397
0 0.301534 0.331678 0.020959 0.018836
0 0.359479 0.356935 0.025890 0.026541
0 0.408795 0.343664 0.027123 0.029110
0 0.451945 0.367209 0.032055 0.035103
0 0.432219 0.413442 0.034521 0.036815
0 0.329274 0.338955 0.027123 0.033390
0 0.370884 0.334675 0.024041 0.023116
0 0.622329 0.860103 0.139315 0.183219
0 0.838699 0.839983 0.157808 0.223459
0 0.785993 0.758647 0.105411 0.115582
0 0.580411 0.646918 0.081370 0.097603
0 0.703390 0.607962 0.074589 0.079623
0 0.798014 0.569435 0.072740 0.077911
0 0.864897 0.641781 0.086918 0.089041
0 0.915753 0.714127 0.065342 0.127568
0 0.550205 0.550856 0.064110 0.068493
0 0.665788 0.519178 0.058562 0.059932
0 0.773356 0.522175 0.056712 0.060788
0 0.852260 0.508904 0.056712 0.056507
0 0.893562 0.529024 0.070274 0.072774
0 0.926541 0.568408 0.051164 0.088185
0 0.813425 0.470805 0.055479 0.060788
0 0.741610 0.482363 0.063493 0.070205
0 0.565000 0.493065 0.048082 0.050514
0 0.626952 0.462243 0.045000 0.048801
0 0.543425 0.457962 0.055479 0.064212
0 0.539110 0.420719 0.036986 0.035959
0 0.608767 0.437414 0.040685 0.040240
0 0.607842 0.417723 0.032671 0.038527
0 0.699384 0.442979 0.041918 0.044521
0 0.676575 0.422003 0.038219 0.035103
0 0.779212 0.434418 0.053630 0.056507
0 0.877226 0.453253 0.051164 0.061644
0 0.919144 0.484075 0.049932 0.058219
0 0.720651 0.398031 0.032671 0.045377
0 0.770890 0.386045 0.032055 0.029966
0 0.747158 0.427997 0.030205 0.041952
0 0.834692 0.429709 0.042534 0.038527
0 0.803870 0.404880 0.043767 0.047089
0 0.876918 0.351798 0.030822 0.033390
0 0.714833 0.464173 0.039515 0.041272
0 0.527657 0.378688 0.032244 0.033808
0 0.522125 0.353662 0.029399 0.026783
0 0.518490 0.336758 0.021496 0.021075
0 0.519122 0.325123 0.020864 0.017123
0 0.602104 0.393616 0.036986 0.037320
0 0.585033 0.373200 0.033193 0.036003
0 0.572230 0.361126 0.025290 0.029417
0 0.564643 0.343563 0.025922 0.031173
0 0.551524 0.325342 0.021812 0.022831
0 0.554211 0.312171 0.018335 0.017562
0 0.638458 0.386811 0.028767 0.028978
0 0.662009 0.401080 0.035406 0.032051
0 0.633874 0.362882 0.033509 0.034686
0 0.621387 0.349930 0.028135 0.036003
0 0.695676 0.373858 0.033193 0.035564
0 0.681925 0.363980 0.028451 0.026344
0 0.703105 0.343344 0.024025 0.023709
0 0.686034 0.332806 0.023393 0.023709
0 0.660903 0.345539 0.030664 0.031612
0 0.605581 0.334563 0.023077 0.029856
0 0.340039 0.373200 0.029399 0.029856
0 0.450998 0.344881 0.027503 0.022392
0 0.460165 0.336099 0.021180 0.023270
0 0.419385 0.333685 0.023077 0.026344
0 0.386351 0.325562 0.020232 0.023270
0 0.347626 0.321830 0.021812 0.026344
0 0.360587 0.318318 0.014226 0.020197
0 0.370861 0.300975 0.018967 0.023270
0 0.344306 0.300097 0.019600 0.021514
0 0.325813 0.315025 0.020548 0.018880
0 0.463959 0.323806 0.021180 0.020636
0 0.432188 0.312171 0.019600 0.022831
0 0.395518 0.315025 0.018335 0.019758
0 0.399628 0.304707 0.017071 0.018440
0 0.394886 0.288462 0.018335 0.015806
0 0.465697 0.297023 0.019600 0.018880
0 0.858416 0.341061 0.026238 0.028978
0 0.837868 0.337548 0.026238 0.027222
0 0.822536 0.335573 0.023393 0.025026
0 0.809891 0.323498 0.024658 0.026344
0 0.790450 0.316473 0.023709 0.025465
0 0.766898 0.312302 0.023393 0.022392
0 0.755202 0.307034 0.018967 0.020636
0 0.740818 0.299350 0.019916 0.022831
0 0.735286 0.293642 0.020232 0.023709
0 0.719006 0.290789 0.017387 0.015367
0 0.641082 0.330084 0.023393 0.022831
0 0.731809 0.366087 0.027187 0.028100
0 0.722958 0.354013 0.025290 0.031173
0 0.590155 0.316561 0.021180 0.028100
0 0.629828 0.317439 0.020864 0.023709
0 0.655276 0.312610 0.019283 0.022831
0 0.674559 0.321830 0.021180 0.022831
0 0.615128 0.308000 0.017387 0.019758
0 0.635676 0.298779 0.016122 0.016245
0 0.648637 0.304268 0.017387 0.019319
0 0.579090 0.304487 0.016122 0.018880
0 0.519817 0.311951 0.022129 0.025026