0 0.212500 0.712895 0.165094 0.253064
0 0.362854 0.860516 0.189858 0.222938
0 0.670637 0.830390 0.201651 0.239005
0 0.523231 0.745031 0.166274 0.261098
0 0.392925 0.661680 0.146226 0.202853
0 0.705425 0.671722 0.160377 0.206870
0 0.588090 0.559249 0.142689 0.206870
0 0.887618 0.751056 0.206368 0.265115
0 0.579245 0.947832 0.207547 0.104336
0 0.962382 0.950845 0.075236 0.098310
0 0.150590 0.626532 0.128538 0.241014
0 0.088679 0.540169 0.129717 0.220929
0 0.056132 0.479916 0.112264 0.204862
0 0.140566 0.423679 0.110849 0.144608
0 0.330425 0.504017 0.129717 0.200845
0 0.543278 0.508034 0.121462 0.156659
0 0.383491 0.361417 0.084906 0.120507
0 0.335731 0.397569 0.100236 0.116490
0 0.279127 0.454810 0.109670 0.190802
0 0.148529 0.364340 0.106132 0.181717
0 0.218160 0.368644 0.053347 0.134853
0 0.531727 0.432245 0.108378 0.128158
0 0.595743 0.336605 0.117363 0.168327
0 0.677448 0.296436 0.105571 0.168327
0 0.763084 0.275395 0.098270 0.135809
0 0.477538 0.326563 0.079739 0.123376
0 0.420541 0.349038 0.085916 0.128158
0 0.515162 0.299305 0.076370 0.112856
0 0.815139 0.254163 0.081986 0.124332
0 0.851640 0.192953 0.104447 0.114768
0 0.942049 0.180520 0.088724 0.099466
0 0.728661 0.186258 0.099955 0.128158
0 0.730627 0.147046 0.106132 0.103292
0 0.645553 0.204908 0.071878 0.062166
0 0.602875 0.233600 0.087601 0.094684
0 0.871013 0.134612 0.084793 0.078425
0 0.943733 0.114050 0.073001 0.058341
0 0.906110 0.097313 0.062893 0.049733
0 0.989555 0.193431 0.020890 0.108074
0 0.479784 0.252250 0.085355 0.087989
0 0.492138 0.198691 0.092093 0.095640
0 0.548574 0.229296 0.069070 0.080338